width: 512
height: 512
skip_frame: 1
bound: 1.5
fps: 5
radius_scale: 500
center: [0.5, 0.3, 0.5]
distance: 1.4
azimuth: -125
elevation: 30
reflectance: [0.92941176, 0.32941176, 0.23137255]
